% If you want to fold the code for each section in YOUR MATLAB go to
%    Editor/Debugger (MATLAB Preferences) > Code Folding and enable "Sections" by checking on it
function PI = Mass_information
%% Version of the  18 December 2017
% Information from .urdf of July 2015

%% I.   Masses - Center of Masses - Inertia Tensors
%  ============================================
% 
% The centers of masses positions and the inertial tensors are described
% relatively to the Aldebaran's local coordinate system of the current 
% solid (S) (o, R).
% The inertia tensors are expressed around the mass center. 
% i.e. ^SI0_i where S is a local fixed frame of Aldebaran and I0 is the
% inertia tensor
% 
% All solids (S) and Aldebaran's local coordinate system are described 
% relatively to the zero posture: standing with straight legs and arms 
% pointing forwards).
% 
% Masses are expressed in kg
% Estos valores fueron tomados de la documenacion de aldebaran
%http://doc.aldebaran.com/2-1/family/robots/masses_robot.html
M = zeros(9,1);

% CoM = [X_G ; Y_G ; Z_G]; kg/mÂ²
%
% I= [I_{xx} , I_{xy} , I_{xz} ;
%     I_{yx} , I_{yy} , I_{yz} ;
%     I_{zx} , I_{zy} , I_{zz}]; kg/mÂ²

%% Trunk
%      
%Right Foot    
% RAnklePitch
M(1) = 0.17184;

CoM{1} = [ 0.02542;
          -0.0033;
          -0.03239];

I{1}= [ 0.00026930202148 , 5.87505001921e-06  , 0.00013913327712 ;
        5.8750501921e-06  , 0.00064347387524  , -1.8849170374e-05 ;
        0.00013913327712 , -1.884917037e-05  , 0.000525034478946];
% ------
% RKneePitch
M(2) = 0.30142;

CoM{2} = [ 0.00453;
           -0.00225;
           -0.04936];

I{2}= [ 0.0011828296119 , -8.96500012e-07  , 2.7996900826e-05;
        -8.96500012e-07  ,  0.0011282785563 , -3.8476038753e-05;
         2.7996900826e-05  , -3.8476038753e-05  ,0.00019145276747];
%--------
% RHipPitch
M(3) = 0.38968;

CoM{3} = [ 0.00138 ;
           -0.00221;
           -0.05373];

I{3}= [ 0.0016374820843 ,  -8.3954000729e-07  , 8.5883009888e-05;
        -8.3954000729e-07  , 0.0015922139864  , -3.9176258724e-05;
         8.5883009888e-05 , -3.9176258724e-05  , 0.00030397824594];	
% ------
% Zeros ?
M(4) = 0;
CoM{4} = zeros(3,1);
I{4}= zeros(3,3);
% --------------------------
%Torso
M(5)   = 1.0496;

CoM{5} = [ -0.00413 ;
            0.0     ;
            0.04342];

I{5}          = [ 0.0050623407587  , 1.4311580344e-05,  0.000155119082081   ;
                  1.4311580344e-05,  0.0048801358789  , -2.7079340725e-05 ;
                   0.000155119082081  , -2.7079340725e-05,  0.001610300038  ];
% -----------------
% LHipPitch
M(6) = 0.38968;

CoM{6} = [ 0.00138 ;
            0.00221;
           -0.05373];

I{6}= [ 0.001636719564  , 9.2451000455e-07  , 8.5306681285e-05;
         9.2451000455e-07 , 0.001591072767  ,  3.8361598854e-05;
         8.5306681285e-05 , 3.8361598854e-05 , 0.00030374340713];
% --------
% LKneePitch
M(7) = 0.30142;

CoM{7} = [ 0.00453;
            0.00225;
           -0.04936];

I{7}= [ 0.0011820796644 , 6.3362000446e-07  , 3.6496971006e-05;
         6.3362000446e-07  ,  0.0011286522495 , 3.949522943e-05;
         3.6496971006e-05  , 3.949522943e-05  ,0.00019322744629];
% ----------
% LAnklePitch 
M(8) = 0.13416;

CoM{8} = [ 0.00045 ;
            0.00029;
            0.00685];

I{8}= [ 3.8509781007e-05 ,-2.6340000403e-08  , 3.8619400584e-06 ;
        -2.6340000403e-08  , 7.4265262811e-05  , 1.8339999741e-08;
         3.8619400584e-06  , 1.8339999741e-08  , 5.4865398852e-05];
%%%%%%%%%%%%%%%%
M(9) = 0;
CoM{9} = zeros(3,1);
I{9}= zeros(3,3);
 %--------------------- virtual frame in the tip of the left foot

%////////////////////////////////////////////////////////////////////////

%% III. Transformation matrices w.r.t frame 0 (Tip of the RFoot)
joints = 7;
q = zeros(joints,1); 
qD = zeros(joints,1);
robot = struct('joints',joints,'q',q,'qD',qD);
T0=DGM(robot);
  
%% IV.  Calculation of I. in M-DH frames

% Base change I_j = inv(P_j) I_j_s P_j

% Transport I_j = I_j_s + M Y_s
% with Y_s = [b^2+c^2,-a*b,-a*c;
%             -a*b,c^2+a^2,-b*c;
%             -a*c,-b*c,a^2+b^2]:
% Knowing CoM = [a;b;c];

% Transport of the CoM 
% d_xg = d_x - d_x_0
% d_yg = d_y - d_y_0
% d_zg = d_z - d_z_0

% % Rotation matrices 
P = cell(1,9);
for i = 1:9
	P{i} = inv(T0(1:3,1:3,i));  % P = jR0
end

% % Translation of the frames
vec_C = cell(1,9);
for i = 1:9
    vec_C{i} = [0;0;0];
end
 % vec_C que creo que son
 % Es un vector de traslacion para que los marcos de los centros de masa
 % coincidan con los marcos DH. Solo son 4 marcos los que no coinciden y
 % necesitan una traslacion:
    vec_C{1}=[0.095;0;-0.046];
    vec_C{3}=[0;0;-0.1];
    vec_C{4}=[0;0;-0.1];
    vec_C{7} = [0;0;-0.0350];     %to translate to the Torso
    
for i = 1 : 9
    C = vec_C{i}; %vec_C contient les vecteurs de translation des repères de références;
    inter = CoM{i};
    tmp=[inter(1)-C(1);inter(2)-C(2);inter(3)-C(3)];
    CoM{i} = P{i}*tmp; % calcul de la position du centre de masse dans les bon repère de référence 

    Y = [tmp(2)^2+tmp(3)^2,-tmp(1)*tmp(2),-tmp(1)*tmp(3);
     -tmp(1)*tmp(2),tmp(3)^2+tmp(1)^2,-tmp(2)*tmp(3);
     -tmp(1)*tmp(3),-tmp(2)*tmp(3),tmp(1)^2+tmp(2)^2];

    I{i} = I{i} + M(i) * (Y);   % application of translation  % SIj = bIb + Mj*Yj  "S" is the Aldebaran frame 
    I{i} = P{i} * I{i} * P{i}'; % application of rotation % jIj = jRb bIj bRj 
end

% % ==============================================================================================
% % The NEXT part of the code is added in order to concentrate the mass of the robot in one point
% % ==============================================================================================
global alphaM % alphaM = [0-1]. Allow to remove gradually the value of all masses and inertias of the robot
% alphaM = 0 -> all masses are 0 -> all mass is concentrated in one point
% alphaM = 1 -> all masses are normal -> all masses are distributed
% If alphaM is empty it means it was not initialized by other codes, therefore it is not required to do this 
if ~isempty(alphaM) 
    if alphaM > 1
        alphaM = 1;
    elseif alphaM < 0
        alphaM = 0;
    end
    
    MassTorso = 0;
    for i = 1:9
        I{i} = alphaM*I{i};
        MassTorso = MassTorso + (1-alphaM)*M(i);
        M(i) = alphaM*M(i);
    end
    
    % % Assignment of the masss to the frame 15 (hip),
    M(7)= M(7) + MassTorso;% Rest of the mass asigned to frame 15
    % If less than 20% of the mass is concentrated in the frame 15 the same CoM position (of frame 15) will be used, but...
    if alphaM < 0.75
        CoM{7} = [0; -.05; -.15]; % we change the CoM position of frame 15 if more than 20% of the mass are concentred in this frame...
    end
end
% % ==============================================================================================
PI.masse = M;
%Para pruebas con jacobianos
% for i=1:27
%     CoM{i}=zeros(3,1);
% end
PI.CoM = CoM; % ^jCoM, it is the CoM of link j w.r.t. frame j
PI.I = I; %  ^jIj i.e. is the inertia tensor of link j, located in the origin of frame j

 